camera_matrix:
- - 953.984323549455
  - 0.0
  - 518.5292524637912
- - 0.0
  - 898.3297295151581
  - 422.29142533290377
- - 0.0
  - 0.0
  - 1.0
dist_coeff:
- - -0.13392088869223742
  - 0.012676652317501388
  - 0.028015344453326887
  - -0.016096902059226217
  - 0.042256313085961915
rms: 1.545648511973571
